0     //0  the kind of the particle (0-prizm, 1-bullet, 2-pyramid, 3-tapered prizm, 4-cup)
0     //1  tip angle of pyramid 56 degrees (1-yes, 0-no)
15    //2  the prism radius
36.82 //3  the prism semiheight
0     //4  the radius of tip
0     //5  the height of tip
1.31  //6  the real part of refraction index
89.99 //7  cone (in deg)
301   //8  full number of orientations for axial rotation angle, must be uneven 
0     //*9 maximum tilt angle, in deg (0 - random orientation)
500   //10 full number of orientations for zenith angle
0.532 //11 длина волны
10    //12 the number of the internal reflections for every beam
1     //13 0 - только суммируем, 1 - выводим всю матрицу
131   //14 the number of trajectories(0 - all)
 4 7 6 2//
 2 6 7 4//
 4 6 7 2//
 2 7 6 4//
 3 7 6 3//
 3 6 7 3//
 0 7 6 0//
 0 6 7 0//
 3//
 0 6 3 7 6 0//
 0 6 7 3 6 0//
 3 6 3//
 4 5 6 7 2//
 2 7 6 5 4//
 2 1 6 7 4//
 4 7 6 1 2//
 3 7 5 6 1 3//
 3 1 6 5 7 3//
 3 5 6 1 7 3//
 3 7 1 6 5 3//
 3 7 5 6 1//
 3 7 1 6 5//
 3 5 6 1 3//
 3 1 6 5 3//
 2 6 7 3//
 3 7 6 2//
 4 6 7 3//
 3 7 6 4//
 0 6 3 7 6 3 6 0//
 0 6 3 6 7 3 6 0//
 0//
 0 7 0//
 3 5 7 6 1 3//
 3 1 6 7 5 3//
 3 1 7 6 5 3//
 3 5 6 7 1 3//
 3 1 6 5 4 3 2 1 6 5 3//
 3 5 6 1 2 3 4 5 6 1 3//
 3 5 6 1//
 3 1 6 5//
 2 7 6 3//
 3 6 7 2//
 4 7 6 3//
 3 6 7 4//
 4 6 3//
 3 6 4//
 2 6 3//
 3 6 2//
 4 5 7 6 2//
 2 6 7 5 4//
 2 1 7 6 4//
 4 6 7 1 2//
 4 7 5 6 2//
 2 6 5 7 4//
 2 7 1 6 4//
 4 6 1 7 2//
 4 5 6 2//
 2 6 5 4//
 2 1 6 4//
 4 6 1 2//
 4 6 2//
 2 6 4//
 0 1 6 7 5 0//
 0 5 7 6 1 0//
 0 5 6 7 1 0//
 0 1 7 6 5 0//
 3 5 7 6 1//
 3 1 7 6 5//
 3 5 6 7 1//
 3 1 6 7 5//
 3 6 3 7 6 3//
 3 6 7 3 6 3//
 4 6 1 2 7 4 6 2//
 2 6 4 7 2 1 6 4//
 2 6 5 4 7 2 6 4//
 4 6 2 7 4 5 6 2//
 2 7 5 1//
 4 7 1 5//
 0 6 3 7 1 6 5 0//
 0 5 6 1 7 3 6 0//
 0 1 6 5 7 3 6 0//
 0 6 3 7 5 6 1 0//
 3 7 6//
 2 5 7 1//
 4 1 7 5//
 2 6 4 2 7 6 4//
 4 6 7 2 4 6 2//
 4 6 2 4 7 6 2//
 2 6 7 4 2 6 4//
 4 6 7 2 4 5 6 2//
 2 6 5 4 2 7 6 4//
 2 6 7 4 2 1 6 4//
 4 6 1 2 4 7 6 2//
 0 6 3 6 7//
 3 7 1 5//
 3 1 7 5//
 3 5 7 1//
 3 7 5 1//
 3 7 6 3 6 3//
 3 6 3 6 7 3//
 0 1 7 6 0//
 0 5 7 6 0//
 4 6 2 7 4 6 2//
 2 6 4 7 2 6 4//
 4 7 6 1 2 4//
 2 7 6 5 4 2//
 4 6 1 2 7 4//
 2 6 5 4 7 2//
 2 6 5 7 4 2 6 4//
 4 6 2 4 7 5 6 2//
 4 6 1 7 2 4 6 2//
 2 6 4 2 7 1 6 4//
 2 6 4 7 1//
 4 6 2 7 5//
 2 6 7 4 1//
 4 6 7 2 5//
 0 5 7 1 0//
 0 1 7 5 0//
 0 6 7 4 0//
 0 6 7 2 0//
 0 7 1 6 0//
 0 7 5 6 0//
 0 7 1 0//
 0 1 7 0//
 0 5 7 0//
 0 7 5 0//
 0 5 6 7 0//
 0 1 6 7 0//
 3 6 7 3 6//
 3 6 3 7 6//
 3 7 6 3 6//